# Population size 128
# Games 1
# Board size 6x12
# Mutation std dev (weights) 0.5
# Mutation rate 0.0833333
# Generations 30
# Threads 4
# Board rating function Linear

Gen	Max	Mean	Min	w0	w1	w2	w3	w4	w5	w6	w7	w8	w9	w10	w11	Time	sd-w
0	409	31	5	-98	432	977	126	832	-10	343	-478	-599	357	681	209	152	574
1	850	98	5	-98	432	670	126	-365	-77	895	-536	-893	181	320	-1395	348	557
2	1137	157	8	317	249	977	-650	-427	-10	895	-478	-599	181	754	-727	441	533
3	1769	262	28	-119	432	1509	214	-828	-895	508	378	-808	357	915	-170	689	503
4	2146	275	12	-612	982	868	728	-335	-12	343	-478	-259	181	1320	-170	761	469
5	3924	441	17	330	762	1509	-650	-828	287	380	-936	-303	181	341	180	1228	441
6	3737	640	56	-231	315	1776	126	-427	-348	399	-774	-259	181	754	-481	1743	425
7	4124	754	26	317	982	1509	123	-20	-10	661	-436	-596	181	231	-170	1949	407
8	13432	946	16	31	762	1509	-650	207	-12	434	-936	-12	59	341	266	2556	398
9	6031	815	19	2	940	1509	-650	102	974	73	-936	-259	59	341	266	2237	367
10	12182	1207	40	330	432	1509	-650	-427	-6	553	-936	103	20	369	542	3347	373
11	11749	1304	40	-119	940	2110	356	-147	-7	834	-582	-26	59	802	-997	3529	388
12	20588	1476	33	345	432	2110	-650	-427	-10	434	-378	-303	87	754	180	4269	386
13	15325	1951	39	431	940	2110	356	-147	-12	876	-582	-3	59	369	-170	5116	353
14	19581	2033	45	627	1003	1509	-223	-828	-9	834	-1351	-303	59	369	-121	5220	336
15	17791	2175	34	-119	940	1509	-650	-147	-9	834	-683	-14	59	369	-997	5594	334
16	12856	1657	62	801	1003	2110	356	-243	-9	834	-936	-334	59	369	79	4388	322
17	16203	1837	35	317	940	1908	-1088	-147	-12	834	-307	-30	29	369	-948	5086	325
18	13433	1858	48	317	1190	1908	-1088	-147	-12	834	-510	-230	59	369	771	5058	323
19	26612	2323	39	848	940	2524	-626	-427	-10	834	-478	-303	99	369	-948	5941	302
20	16555	2375	30	205	940	2110	-626	-44	-10	834	-307	-30	29	369	-948	6343	279
21	20207	2760	47	317	1190	2110	-1088	-147	-10	966	-936	-334	59	369	-829	7918	281
22	18916	3232	51	848	940	2524	-1109	-243	-9	966	-633	-58	59	369	-829	8735	287
23	26643	3271	42	352	1305	1961	-626	-44	623	802	-138	-17	59	341	79	8508	271
24	20558	3466	176	467	1190	2110	-701	-147	-10	966	-159	-334	93	369	60	9807	264
25	18174	3350	43	352	1187	1786	-76	-243	0	966	-683	-17	59	341	-829	9968	289
26	21489	3214	53	205	1287	1815	-1109	-134	-10	966	-445	-246	81	369	-829	9281	280
27	23101	2978	49	317	1278	1921	-250	-78	-9	961	-211	-85	87	369	-312	9412	267
28	21901	3964	54	252	1187	946	-154	-149	-10	834	-43	-30	59	369	-772	11527	227
29	33298	4158	53	493	1262	1831	-319	-264	0	1170	-211	-85	59	341	-312	14203	228
