# Population size 128
# Games 1
# Board size 6x12
# Mutation std dev (weights) 0.5
# Mutation rate 0.0833333
# Generations 30
# Threads 4
# Board rating function Linear

Gen	Max	Mean	Min	w0	w1	w2	w3	w4	w5	w6	w7	w8	w9	w10	w11	Time	sd-w
0	1661	54	5	-147	809	423	-642	-198	52	658	20	251	142	123	612	180	565
1	1150	147	5	387	949	423	-642	-198	51	742	20	251	142	330	612	381	501
2	2805	270	11	-147	809	917	-844	-198	-300	742	20	-401	142	123	612	721	443
3	2001	398	14	-147	1204	917	-642	-39	56	742	20	-401	142	123	58	1115	379
4	6022	660	16	-147	710	1135	-844	-367	52	658	15	-502	124	123	612	1875	324
5	4677	691	35	81	1580	429	-608	-198	52	658	34	-401	142	330	-852	1839	321
6	13249	1066	45	81	1580	429	-608	-198	52	658	20	-401	142	330	612	2886	309
7	13249	1064	32	81	1580	429	-608	-198	52	658	20	-401	142	330	-852	3021	313
8	5973	920	45	167	1580	423	-608	-198	129	658	34	-401	142	330	612	2466	298
9	20185	1678	31	-147	1817	390	-608	-198	80	658	20	-401	124	307	-717	4453	284
10	17009	1711	43	-147	2023	1087	-608	-293	56	658	15	-401	142	330	-852	5138	281
11	15141	1548	54	730	1204	1500	-608	-293	56	658	15	-494	142	330	-852	4074	280
12	15141	1809	45	730	1204	1500	-608	-293	56	658	15	-494	142	330	-852	5028	281
13	16199	2021	53	167	1580	602	-608	-293	56	658	15	-401	142	330	58	5198	273
14	20245	2597	52	167	1573	1500	-642	-293	64	658	15	-401	124	330	569	7241	250
15	11976	2211	62	167	2023	597	-808	-151	64	658	20	-401	124	330	569	5827	247
16	27505	2918	35	167	1507	917	-608	-293	64	658	27	-362	102	473	569	8001	246
17	18327	3079	29	167	2023	423	-227	-293	56	790	12	-494	149	473	612	8526	229
18	27011	3054	14	167	2023	429	-808	-37	169	658	15	-391	102	183	-852	7942	210
19	22992	3316	53	-153	2023	1135	-209	-37	64	658	28	-218	102	330	-1047	8619	215
20	23116	2986	40	71	2023	602	-604	-72	56	790	15	-391	79	348	-703	7887	220
21	26275	2647	41	264	1507	1007	-608	-495	56	822	24	-362	124	491	612	7673	223
22	17483	3051	29	87	1606	917	-1180	-72	64	822	15	-391	124	330	-958	8351	227
23	17427	2593	40	264	2023	429	-643	-452	64	1070	44	-362	124	330	-852	7031	227
24	18386	2909	31	264	1606	1122	-1180	-452	64	790	15	-362	124	330	-852	7493	230
25	25471	2737	37	87	1507	917	-1175	-72	65	822	42	-149	81	364	255	7298	232
26	22859	2989	39	-67	2023	929	-227	-37	64	822	11	-391	124	330	-703	8804	248
27	26315	3280	65	71	1247	1550	-1352	-293	64	876	14	-350	124	237	-703	8524	255
28	19559	3607	65	-67	1247	929	-2032	-293	64	876	14	-362	102	237	-703	9598	252
29	20047	3050	11	230	2023	1122	-227	-129	56	658	15	-459	136	434	-1628	7798	245
