# Population size 128
# Games 1
# Board size 6x12
# Mutation std dev (weights) 0.5
# Mutation rate 0.0833333
# Generations 30
# Threads 4
# Board rating function Linear

Gen	Max	Mean	Min	w0	w1	w2	w3	w4	w5	w6	w7	w8	w9	w10	w11	Time	sd-w
0	858	63	5	222	231	584	971	769	-650	76	-86	-632	506	849	751	255	580
1	2701	166	5	410	970	876	-920	-799	194	880	223	388	156	809	-131	428	528
2	1768	231	14	380	420	951	423	105	79	-157	-752	-263	61	564	-324	637	483
3	1156	287	17	410	970	876	-920	-799	194	-2	-893	388	61	809	-136	779	447
4	2785	379	30	592	409	974	-441	-799	12	846	-259	75	156	520	-382	986	443
5	4695	449	39	487	409	2113	-920	105	7	846	-259	-628	156	809	-211	1287	424
6	3475	579	25	487	2158	1045	971	-291	316	337	-259	-162	156	809	-131	1670	413
7	5228	677	20	319	970	1075	-920	-799	-292	337	-259	-123	169	961	683	1762	396
8	23118	1019	31	487	530	2113	-920	-799	-229	450	-259	-263	169	809	-211	2926	378
9	23118	1775	47	487	530	2113	-920	-799	-229	450	-259	-263	169	809	-211	4634	356
10	23119	2437	35	487	599	2113	-1293	-799	7	450	65	-263	156	809	-324	6724	330
11	17046	2148	47	487	530	2113	-920	-799	7	450	65	-263	169	809	-324	6001	298
12	18725	2330	39	285	530	2113	-920	-799	7	450	-259	-263	98	855	-324	6115	260
13	20389	2333	68	285	2158	2113	-886	-164	7	976	-259	-263	171	849	408	6396	251
14	24194	2395	49	353	1095	2113	-2465	-961	0	450	-127	-291	156	849	-211	6557	295
15	19182	2483	52	380	530	2113	-920	-799	316	656	-259	-263	98	849	-215	6578	307
16	24986	2661	49	168	1095	2113	-2274	-799	0	422	-259	-291	156	849	-211	6968	310
17	20511	3491	49	285	1095	3897	-2661	-799	7	422	-259	-263	156	849	-110	9015	292
18	25798	3219	39	487	1095	2854	-1839	-799	2	422	-211	-291	156	865	-255	8389	290
19	24235	3895	110	319	970	1682	-2465	-378	316	840	-259	-159	53	827	-211	10291	276
20	27973	3858	72	285	1234	3006	-2274	-356	316	374	-259	-263	113	1251	554	10185	275
21	17732	3672	19	487	1095	2113	-2410	-356	-229	785	-81	-63	78	1463	-211	9868	298
22	16507	3372	41	487	1095	3006	-2274	-785	7	450	-114	-199	105	1251	487	9089	302
23	34212	3591	65	380	1516	2426	-935	-706	7	656	-126	-185	126	1251	408	9657	317
24	43346	3397	118	512	970	3056	-1895	-799	7	563	-259	-291	160	1251	-367	11186	348
25	24201	3708	40	451	1612	3006	-3686	-799	316	563	-259	-162	169	1251	-367	10139	343
26	16656	3784	148	445	1468	3006	-3092	-203	316	976	-336	-291	143	1522	-366	10570	326
27	20535	4433	54	451	1516	3006	-1688	-706	249	530	-270	-55	139	1195	304	12083	324
28	20360	4770	55	410	1516	3519	-2714	-706	0	712	-259	-263	139	1251	304	12817	299
29	23106	4683	76	487	2155	2426	-1895	-785	316	605	-259	-44	126	1251	-145	14031	297
