# Population size 128
# Games 1
# Board size 6x12
# Mutation std dev (weights) 0.5
# Mutation rate 0.0833333
# Generations 30
# Threads 4
# Board rating function Linear

Gen	Max	Mean	Min	w0	w1	w2	w3	w4	w5	w6	w7	w8	w9	w10	w11	Time	sd-w
0	1935	71	5	720	551	-37	42	-699	-772	822	-792	138	1	336	-520	290	573
1	850	138	5	656	964	493	-906	796	787	-483	-291	-524	611	996	891	356	552
2	820	186	8	720	959	-66	432	-699	328	994	-475	-553	348	336	589	484	550
3	1143	221	16	798	928	325	-1274	-515	-511	822	-654	138	761	876	-183	582	517
4	1416	294	19	720	551	493	-665	-744	-938	1091	814	-62	484	787	-520	791	514
5	2774	294	33	-369	928	623	-291	-840	-772	1390	-1293	-553	447	491	-120	781	513
6	1215	289	14	893	551	623	523	-765	-1407	822	-695	-453	569	336	-1478	759	502
7	3119	359	14	648	928	850	762	-765	231	142	-1293	-553	193	543	345	977	508
8	2362	433	20	-369	808	623	-1644	-76	-981	945	463	-4	170	787	-183	1142	482
9	2817	392	37	68	808	1520	965	-76	-723	994	-792	-553	170	787	-183	1025	476
10	3226	388	34	879	2439	382	42	-438	-511	994	-462	-222	232	787	-520	1022	476
11	3410	514	12	879	2439	382	-180	-765	-511	822	-202	-73	232	787	589	1357	494
12	2949	651	40	648	964	940	-1644	-438	-511	1390	-1293	-553	221	787	-183	1717	511
13	6397	881	41	-264	514	850	-3113	-720	-161	-70	-695	-553	193	1732	173	2413	517
14	4895	748	20	-369	2439	1786	-195	-198	231	822	-325	-73	269	491	907	1975	528
15	6025	907	38	-369	2439	1786	30	-864	-161	1390	-393	-222	269	491	907	2536	549
16	7106	1147	39	1116	1703	1215	-468	-864	144	1390	-443	-222	193	1732	907	3017	557
17	14692	1293	50	-264	6029	261	921	-765	984	1390	-202	-5	231	787	173	3406	548
18	20345	1492	53	589	2414	2119	-1644	-96	305	994	-877	-553	193	865	-435	3924	550
19	14692	1694	46	-264	6029	261	921	-765	984	1390	-202	-5	231	787	-435	4514	609
20	12938	1383	20	-401	6029	1786	-251	-765	984	994	-202	34	342	787	173	3669	604
21	25837	1776	49	720	2439	1786	921	-720	-161	1353	-89	-476	231	830	279	5128	566
22	17329	2076	47	134	2439	1786	921	-720	-22	1353	-393	-129	193	864	279	5380	565
23	21598	2180	33	720	2439	3536	787	-714	984	659	-655	-476	231	830	-435	5636	520
24	20158	2525	30	371	4601	1786	-251	-840	-161	1353	-461	-129	231	914	-435	6444	536
25	24708	2339	53	720	2439	3536	951	-420	-60	994	-655	-476	231	1163	279	6079	467
26	12908	2092	49	720	2719	1786	787	-765	231	1353	-91	-476	231	830	287	5680	489
27	17056	1866	61	134	2439	1786	1156	-420	305	745	-165	-314	231	1121	-326	4949	514
28	19862	2226	66	-264	2439	1786	-251	-825	-23	1104	-826	-129	193	864	279	6677	475
29	20207	2466	48	720	3227	1786	-12	-825	984	1104	-170	-476	193	864	279	6875	493
